epitope,subject,va,vb,cdr3a,cdr3b
LLWNGPMAV,PMID:28975614_,,TRBV2*01,,CASSEATGASYEQYF
LLWNGPMAV,PMID:28975614_,,TRBV9*01,,CASSEGGQAYNEQFF
LLWNGPMAV,PMID:28975614_,,TRBV9*01,,CASSVATEGYGYTF
LLWNGPMAV,PMID:28103239_NA,,TRBV14*01,,CASSQGTISYEQYF
LLWNGPMAV,PMID:28103239_NA,,TRBV9*01,,CASSVGGVTYNEQFF
LLWNGPMAV,PMID:28103239_NA,,TRBV6-3*01,,CASTDGGDSYTQYF
LLWNGPMAV,PMID:28103239_NA,,TRBV15*01,,CATGAASSYEQYF
LLWNGPMAV,PMID:28103239_NA,,TRBV14*01,,CASSQEGTPISYEQYF
LLWNGPMAV,PMID:28103239_NA,,TRBV20-1*01,,CSATGNRGADTQYF
LLWNGPMAV,PMID:28103239_NA,,TRBV6-3*01,,CASSQAGAYEQYF
LLWNGPMAV,PMID:28103239_NA,,TRBV15*01,,CATSRESGNGKLFF
LLWNGPMAV,PMID:28103239_NA,,TRBV27*01,,CASSLKLAGTDTQYF
LLWNGPMAV,PMID:28103239_NA,,TRBV7-2*01,,CASSPTGPAYEQYF
LLWNGPMAV,PMID:28103239_NA,,TRBV10-1*01,,CASSESPGYGYTF
LLWNGPMAV,PMID:28103239_NA,,TRBV6-5*01,,CASSSGPAYEQYF
LLWNGPMAV,PMID:28103239_NA,,TRBV4-3*01,,CASSPWDRANTGELFF
LLWNGPMAV,PMID:28103239_NA,,TRBV9*01,,CASSVGGVPYNEQFF
LLWNGPMAV,PMID:28103239_NA,,TRBV20-1*01,,CSASGARGADTQYF
LLWNGPMAV,PMID:28103239_NA,,TRBV3-1*01,,CASSIKPDGYEQYF
LLWNGPMAV,PMID:28103239_NA,,TRBV12-4*01,,CASGTWGARQPQHF
LLWNGPMAV,PMID:28103239_NA,,TRBV5-4*01,,CASSPGTGGYTEAFF
LLWNGPMAV,PMID:28103239_NA,,TRBV6-6*01,,CASSYSTEAYEQYF
LLWNGPMAV,PMID:28103239_NA,,TRBV15*01,,CATGAASSYEQYF
LLWNGPMAV,PMID:28103239_NA,,TRBV15*01,,CATSRASGSYEQYF
LLWNGPMAV,PMID:28103239_NA,,TRBV9*01,,CASSVGGGREQFF
LLWNGPMAV,PMID:28103239_NA,,TRBV6-3*01,,CASSYTGTGSQPQHF
LLWNGPMAV,PMID:28103239_NA,,TRBV3-1*01,,CASSQGQANEKLFF
LLWNGPMAV,PMID:28103239_NA,,TRBV20-1*01,,CSAPTSGGPNEQFF
LLWNGPMAV,PMID:28103239_NA,,TRBV4-3*01,,CASSPGQGPYEQYF
LLWNGPMAV,PMID:28103239_NA,,TRBV14*01,,CASSQGPAAYEQYF
LLWNGPMAV,PMID:28103239_NA,,TRBV6-4*01,,CASSATGTGGYEQYF
LLWNGPMAV,PMID:28103239_NA,,TRBV5-8*01,,CASSLPAAGYGYTF
LLWNGPMAV,PMID:28103239_NA,,TRBV9*01,,CASSPGLAYEQYF
LLWNGPMAV,PMID:28103239_NA,,TRBV3-1*01,,CASSQEGTSRPQHF
LLWNGPMAV,PMID:28103239_NA,,TRBV15*01,,CATSGGGAYEQYF
LLWNGPMAV,PMID:28103239_NA,,TRBV19*01,,CASSTRSSYEQYF
LLWNGPMAV,PMID:28103239_NA,,TRBV15*01,,CATSESRGGGYGYTF
LLWNGPMAV,PMID:28103239_NA,,TRBV6-5*01,,CASSGQGAYGYTF
LLWNGPMAV,PMID:28103239_NA,,TRBV5-1*01,,CASSPGTSGAYEQYF
LLWNGPMAV,PMID:28103239_NA,,TRBV12-4*01,,CASSYSGGGNQPQHF
LLWNGPMAV,PMID:28103239_NA,,TRBV27*01,,CASSNQGASAYGYTF
LLWNGPMAV,PMID:28103239_NA,,TRBV9*01,,CASGTGTPYNEQFF
LLWNGPMAV,PMID:28103239_NA,,TRBV15*01,,CATSSASSYEQYF
LLWNGPMAV,PMID:28103239_NA,,TRBV6-1*01,,CASSEALGSTSYEQYF
LLWNGPMAV,PMID:28103239_NA,,TRBV12-4*01,,CASSSQGLSTEAFF
LLWNGPMAV,PMID:28103239_NA,,TRBV20-1*01,,CSASGDRGADTQYF
LLWNGPMAV,PMID:28103239_NA,,TRBV27*01,,CASSLYPGTAEGGYTF
LLWNGPMAV,PMID:28103239_NA,,TRBV12-4*01,,CASGTEIFYYEQYF
LLWNGPMAV,PMID:28103239_NA,,TRBV27*01,,CASSLFPDNYGYTF
LLWNGPMAV,PMID:28103239_NA,,TRBV4-3*01,,CASSPTGQGAHGYTF
LLWNGPMAV,PMID:28103239_NA,,TRBV4-2*01,,CASSQGGDGYGYTF
LLWNGPMAV,PMID:28103239_NA,,TRBV6-5*01,,CASSRQGGYGYTF
LLWNGPMAV,PMID:28103239_NA,,TRBV13*01,,CASSPAGQGAGTGELFF
LLWNGPMAV,PMID:28103239_NA,,TRBV6-4*01,,CASSGQGGYEQYF
LLWNGPMAV,PMID:28103239_NA,,TRBV15*01,,CATSRASGSYEQYF
LLWNGPMAV,PMID:28103239_NA,,TRBV20-1*01,,CSASGDRGADTQYF
LLWNGPMAV,PMID:28103239_NA,,TRBV4-3*01,,CASSPSAGDYEQYF
LLWNGPMAV,PMID:28103239_NA,,TRBV20-1*01,,CSGGLKADTQYF
LLWNGPMAV,PMID:28103239_NA,,TRBV6-4*01,,CASSAGQGYEQYF
LLWNGPMAV,PMID:28103239_NA,,TRBV9*01,,CASSDSRGTEAFF
LLWNGPMAV,PMID:28103239_NA,,TRBV27*01,,CASSLYPLGFGYTF
LLWNGPMAV,PMID:28103239_NA,,TRBV7-2*01,,CASSLGGAPYNEQFF
LLWNGPMAV,PMID:28103239_NA,,TRBV9*01,,CASSVGGVPYNEQFF
LLWNGPMAV,PMID:28103239_NA,,TRBV9*01,,CASSVGGVPYNEQFF
LLWNGPMAV,PMID:28103239_NA,,TRBV6-3*01,,CASSYPNQPQHF
LLWNGPMAV,PMID:28103239_NA,,TRBV12-4*01,,CASSFPNQPQHF
LLWNGPMAV,PMID:28103239_NA,,TRBV9*01,,CASSAYNEQFF
LLWNGPMAV,PMID:28103239_NA,,TRBV29-1*01,,CSVPTSGGSNEQFF
LLWNGPMAV,PMID:28103239_NA,,TRBV15*01,,CATSRAGAYEQYF
LLWNGPMAV,PMID:28103239_NA,,TRBV6-1*01,,CASSGGQAYEQYF
LLWNGPMAV,PMID:28103239_NA,,TRBV5-4*01,,CASSLGAYNSPLHF
LLWNGPMAV,PMID:28103239_NA,,TRBV4-3*01,,CASSQGGYGYTF
LLWNGPMAV,PMID:28103239_NA,,TRBV12-4*01,,CASSPRQGNDEQYF
LLWNGPMAV,PMID:28103239_NA,,TRBV12-4*01,,CASSLGGASYEQYF
LLWNGPMAV,PMID:28103239_NA,,TRBV9*01,,CASSVKAGGNEQYF
LLWNGPMAV,PMID:28103239_NA,,TRBV29-1*01,,CSVEGRGTDTQYF
LLWNGPMAV,PMID:28103239_NA,,TRBV6-4*01,,CASTPGQALNEQYF
LLWNGPMAV,PMID:28103239_NA,,TRBV6-6*01,,CASSNGQNAYEQYF
LLWNGPMAV,PMID:28103239_NA,,TRBV27*01,,CASSPGTGAYEQYF
LLWNGPMAV,PMID:28103239_NA,,TRBV10-3*01,,CAISEVLTGAYGYTF
LLWNGPMAV,PMID:28103239_NA,,TRBV19*01,,CASSIAPSGVAYEQYF
LLWNGPMAV,PMID:28103239_NA,,TRBV10-3*01,,CAISESPSGALGQFF
LLWNGPMAV,PMID:28103239_NA,,TRBV27*01,,CASSPGTGAYEQYF
LLWNGPMAV,PMID:28103239_NA,,TRBV6-6*01,,CASSPQGAYGYTF
LLWNGPMAV,PMID:28103239_NA,,TRBV9*01,,CASSSRTGDTQYF
LLWNGPMAV,PMID:28103239_NA,,TRBV6-5*01,,CASSYVRASYGYTF
LLWNGPMAV,PMID:28103239_NA,,TRBV20-1*01,,CSAPASGGGNEQFF
LLWNGPMAV,PMID:28103239_NA,,TRBV20-1*01,,CSAPLAGGHNEQFF
LLWNGPMAV,PMID:28103239_NA,,TRBV20-1*01,,CSAPTSGGHNEQFF
LLWNGPMAV,PMID:28103239_NA,,TRBV20-1*01,,CSAPTSGGSNEQFF
LLWNGPMAV,PMID:28103239_NA,,TRBV6-1*01,,CASSEAVLGGNSYEQYF
LLWNGPMAV,PMID:28103239_NA,,TRBV6-5*01,,CASSTGATGSNNEQFF
LLWNGPMAV,PMID:28103239_NA,,TRBV20-1*01,,CSAAGDRGADTQYF
LLWNGPMAV,PMID:28103239_NA,,TRBV9*01,,CASSDLAGGTDTQYF
LLWNGPMAV,PMID:28103239_NA,,TRBV20-1*01,,CSATEAGGPGNEQFF
LLWNGPMAV,PMID:28103239_NA,,TRBV29-1*01,,CSVATSGGSNEQFF
LLWNGPMAV,PMID:28103239_NA,,TRBV27*01,,CASSLGSTGTYEQYF
LLWNGPMAV,PMID:28103239_NA,,TRBV25-1*01,,CASTGTGGFSYNEQFF
LLWNGPMAV,PMID:28103239_NA,,TRBV7-2*01,,CASSFYGREAFF
LLWNGPMAV,PMID:28103239_NA,,TRBV6-3*01,,CASSAAGNQPQHF
LLWNGPMAV,PMID:28103239_NA,,TRBV3-1*01,,CASSQEVAYEQYF
LLWNGPMAV,PMID:28103239_NA,,TRBV7-2*01,,CASSHGQGAYEQYF
LLWNGPMAV,PMID:28103239_NA,,TRBV6-4*01,,CAVGAGATYEQYF
LLWNGPMAV,PMID:28103239_NA,,TRBV6-6*01,,CASSPGTVAYEQYF
LLWNGPMAV,PMID:28103239_NA,,TRBV6-6*01,,CASSKQGESNSPLHF
LLWNGPMAV,PMID:28103239_NA,,TRBV12-4*01,,CASSLGGASYEQYF
LLWNGPMAV,PMID:28103239_NA,,TRBV4-3*01,,CASSPNSAGGTEAFF
LLWNGPMAV,PMID:28103239_NA,,TRBV6-5*01,,CASSYSEQGYGYTF
LLWNGPMAV,PMID:28103239_NA,,TRBV30*01,,CAWGYQITGSAYGYTF
LLWNGPMAV,PMID:28103239_NA,,TRBV6-4*01,,CASSPSGGAYGYTF
LLWNGPMAV,PMID:28103239_NA,,TRBV9*01,,CASSPQTGAVTEAFF
LLWNGPMAV,PMID:28103239_NA,,TRBV7-6*01,,CASSLKGNTEAFF
LLWNGPMAV,PMID:28103239_NA,,TRBV7-6*01,,CASSLKLNTEAFF
LLWNGPMAV,PMID:28103239_NA,,TRBV27*01,,CASSSTQGAAYGYTF
LLWNGPMAV,PMID:28103239_NA,,TRBV20-1*01,,CSVPSRGYAGELFF
LLWNGPMAV,PMID:28103239_NA,,TRBV20-1*01,,CSASEAGGSYEQYF
LLWNGPMAV,PMID:28103239_NA,,TRBV15*01,,CATTGGSGYEQYF
LLWNGPMAV,PMID:28103239_NA,,TRBV6-3*01,,CASSGQGGYEQYF
LLWNGPMAV,PMID:28103239_NA,,TRBV29-1*01,,CSVSGERGTDTQYF
LLWNGPMAV,PMID:28103239_NA,,TRBV29-1*01,,CSVDRRADEQFF
LLWNGPMAV,PMID:28103239_NA,,TRBV27*01,,CASSLASGGALYNEQFF
LLWNGPMAV,PMID:28103239_NA,,TRBV4-3*01,,CASSQEAGGGTGELFF
LLWNGPMAV,PMID:28103239_NA,,TRBV20-1*01,,CSGGDGNTIYF
LLWNGPMAV,PMID:28103239_NA,,TRBV7-2*01,,CASSLEGQGAPGQPQHF
LLWNGPMAV,PMID:28103239_NA,,TRBV11-2*01,,CASNTGTDSYEQYF
LLWNGPMAV,PMID:28103239_NA,,TRBV6-1*01,,CASSDQTGDAYEQYF
LLWNGPMAV,PMID:28103239_NA,,TRBV10-1*01,,CASSDKFAGNPQPQHF
LLWNGPMAV,PMID:28103239_NA,,TRBV18*01,,CASSPAGVSYEQYF
LLWNGPMAV,PMID:28103239_NA,,TRBV7-2*01,,CASSPGPTSYEQYF
LLWNGPMAV,PMID:28103239_NA,,TRBV6-3*01,,CASSSSGTAYGYTF
LLWNGPMAV,PMID:28103239_NA,,TRBV29-1*01,,CSVGGGGAGVETQYF
LLWNGPMAV,PMID:28103239_NA,,TRBV6-4*01,,CASSAGTVSYEQYF
LLWNGPMAV,PMID:28103239_NA,,TRBV6-5*01,,CASSSGSPGSYGYTF
LLWNGPMAV,PMID:28103239_NA,,TRBV12-4*01,,CASSPQGFSYEQYF
LLWNGPMAV,PMID:28103239_NA,,TRBV29-1*01,,CSVQRRADEQFF
LLWNGPMAV,PMID:28103239_NA,,TRBV5-1*01,,CASSPAAGGAYEQYF
LLWNGPMAV,PMID:28103239_NA,,TRBV20-1*01,,CSASDNMVGAYEQYF
LLWNGPMAV,PMID:28103239_NA,,TRBV9*01,,CASSVATEGYEQYF
LLWNGPMAV,PMID:28103239_NA,,TRBV14*01,,CASSQGPAAYEQYF
LLWNGPMAV,PMID:28103239_NA,,TRBV4-3*01,,CASSQGTSGNEQFF
LLWNGPMAV,PMID:28103239_NA,,TRBV6-5*01,,CASSAQGAYGYTF
LLWNGPMAV,PMID:28103239_NA,,TRBV15*01,,CATSRATSNQPQHF
LLWNGPMAV,PMID:28103239_NA,,TRBV27*01,,CASSPSAGPGYGYTF
LLWNGPMAV,PMID:28103239_NA,,TRBV18*01,,CASSSGTVSYEQYF
LLWNGPMAV,PMID:28103239_NA,,TRBV20-1*01,,CSASLKADEQFF
LLWNGPMAV,PMID:28103239_NA,,TRBV6-1*01,,CASSETGQPQHF
LLWNGPMAV,PMID:28103239_NA,,TRBV20-1*01,,CSAPLAGGPNEQFF
LLWNGPMAV,PMID:28103239_NA,,TRBV27*01,,CASSLKLAGTDTQYF
LLWNGPMAV,PMID:28103239_NA,,TRBV6-6*01,,CASSPGGVSYGYTF
LLWNGPMAV,PMID:28103239_NA,,TRBV6-6*01,,CASSQTGTGAYEQYF
LLWNGPMAV,PMID:28103239_NA,,TRBV4-2*01,,CASSPGLGTYEQYF
LLWNGPMAV,PMID:28103239_NA,,TRBV9*01,,CASSAGQESYEQYF
LLWNGPMAV,PMID:28103239_NA,,TRBV6-1*01,,CASSETGTQAYEQYF
LLWNGPMAV,PMID:28103239_NA,,TRBV2*01,,CASSGQGAYGYTF
LLWNGPMAV,PMID:28103239_NA,,TRBV7-2*01,,CASSPSGGAYGYTF
LLWNGPMAV,PMID:28103239_NA,,TRBV7-2*01,,CASSSQGAYGYTF
LLWNGPMAV,PMID:28103239_NA,,TRBV6-6*01,,CASTRQGAYEQYF
LLWNGPMAV,PMID:28103239_NA,,TRBV10-2*01,,CASSGGTSGAYEQYF
LLWNGPMAV,PMID:28103239_NA,,TRBV27*01,,CASSPGHAYEQYF
LLWNGPMAV,PMID:28103239_NA,,TRBV6-5*01,,CASSYSSSGGAYEQYF
LLWNGPMAV,PMID:28103239_NA,,TRBV6-3*01,,CASSSAGAAYEQYF
LLWNGPMAV,PMID:28103239_NA,,TRBV5-6*01,,CASSRSGNYGYTF
LLWNGPMAV,PMID:28103239_NA,,TRBV19*01,,CASRPGQGYEQYF
LLWNGPMAV,PMID:28103239_NA,,TRBV6-1*01,,CASSGQGAYEQYF
LLWNGPMAV,PMID:28103239_NA,,TRBV6-5*01,,CASSGQGAYGYTF
LLWNGPMAV,PMID:28103239_NA,,TRBV6-3*01,,CASSQAGAYEQYF
LLWNGPMAV,PMID:28103239_NA,,TRBV19*01,,CASSGRDRQNTEAFF
LLWNGPMAV,PMID:28103239_NA,,TRBV6-3*01,,CASSTGTAAYEQYF
LLWNGPMAV,PMID:28103239_NA,,TRBV20-1*01,,CSASEAGGSYEQYF
LLWNGPMAV,PMID:28103239_NA,,TRBV5-4*01,,CASSWGGAYEQYF
LLWNGPMAV,PMID:28103239_NA,,TRBV4-3*01,,CASSAQGDSYEQYF
LLWNGPMAV,PMID:28103239_NA,,TRBV9*01,,CASSAGTGAYEQYF
LLWNGPMAV,PMID:28103239_NA,,TRBV9*01,,CASSVAGGAYEQYF
LLWNGPMAV,PMID:28103239_NA,,TRBV9*01,,CASSAGGTPDQPQHF
LLWNGPMAV,PMID:28103239_NA,,TRBV15*01,,CATSGGTSYEQFF
LLWNGPMAV,PMID:28103239_NA,,TRBV3-1*01,,CASSQGQLNQPQHF
LLWNGPMAV,PMID:28103239_NA,,TRBV5-1*01,,CANNCGFF
LLWNGPMAV,PMID:28103239_NA,,TRBV4-3*01,,CASSQVAKMAKDNYGYTF
LLWNGPMAV,PMID:28103239_NA,,TRBV9*01,,CASSPGLAYEQYF
LLWNGPMAV,PMID:28103239_NA,,TRBV15*01,,CATTGGSGYEQYF
LLWNGPMAV,PMID:28103239_NA,,TRBV12-4*01,,CASSVAPGRDGYTF
LLWNGPMAV,PMID:28103239_NA,,TRBV5-1*01,,CASSGTGVSPLHF
LLWNGPMAV,PMID:28103239_NA,,TRBV29-1*01,,CSVTGERGTDTQYF
LLWNGPMAV,PMID:28103239_NA,,TRBV4-1*01,,CASSHSGYEQFF
LLWNGPMAV,PMID:28103239_NA,,TRBV9*01,,CASSGGTADTQYF
LLWNGPMAV,PMID:28103239_NA,,TRBV6-5*01,,CASSPAGAYGYTF
LLWNGPMAV,PMID:28103239_NA,,TRBV29-1*01,,CSVVLVDRGADTQYF
LLWNGPMAV,PMID:28103239_NA,,TRBV9*01,,CASSPGTAYEQYF
LLWNGPMAV,PMID:28103239_NA,,TRBV15*01,,CATSSGTGAYEQYF
LLWNGPMAV,PMID:28103239_NA,,TRBV29-1*01,,CSVGEGLAYEQYF
LLWNGPMAV,PMID:28103239_NA,,TRBV6-5*01,,CASSGSSGYEQYF
LLWNGPMAV,PMID:28103239_NA,,TRBV7-8*01,,CASSQLGNEQFF
LLWNGPMAV,PMID:28103239_NA,,TRBV6-6*01,,CASTPGTGAYEQYF
LLWNGPMAV,PMID:28103239_NA,,TRBV6-3*01,,CASSDTDRGIYGYTF
LLWNGPMAV,PMID:28103239_NA,,TRBV7-2*01,,CASSPTGPAYEQYF
LLWNGPMAV,PMID:28103239_NA,,TRBV9*01,,CASSVDGGGGGYNEQFF
LLWNGPMAV,PMID:28103239_NA,,TRBV11-2*01,,CASSSGRTEHNEQFF
LLWNGPMAV,PMID:28103239_NA,,TRBV6-3*01,,CASNGGLAYEQYF
LLWNGPMAV,https://github.com/antigenomics/vdjdb-db/issues/243_Donor0345,,TRBV20-1*01,,CSASHRAGNEQYF
LLWNGPMAV,https://github.com/antigenomics/vdjdb-db/issues/243_Donor0345,,TRBV15*01,,CATGLAGGNEQFF
LLWNGPMAV,https://github.com/antigenomics/vdjdb-db/issues/243_Donor0345,,TRBV15*01,,CATSRGQAYEQYF
LLWNGPMAV,https://github.com/antigenomics/vdjdb-db/issues/243_Donor0345,,TRBV15*01,,CATGLAGGNEQFF
LLWNGPMAV,https://github.com/antigenomics/vdjdb-db/issues/243_Donor0345,,TRBV20-1*01,,CSASHRAGNEQYF
LLWNGPMAV,https://github.com/antigenomics/vdjdb-db/issues/243_Donor0345,,TRBV15*01,,CATSRGQAYEQYF
LLWNGPMAV,https://github.com/antigenomics/vdjdb-db/issues/193_D3045.YF.Standard,,TRBV29-1*01,,CSVVDAAPGANVLTF
LLWNGPMAV,https://github.com/antigenomics/vdjdb-db/issues/193_D3045.YF.Standard,,TRBV30*01,,CAWSPGPVNEQFF
LLWNGPMAV,https://github.com/antigenomics/vdjdb-db/issues/193_D3045.YF.Standard,,TRBV20-1*01,,CSARASYEQYF
LLWNGPMAV,https://github.com/antigenomics/vdjdb-db/issues/193_D3045.YF.Standard,,TRBV6-4*01,,CASSDSGTDTQYF
LLWNGPMAV,https://github.com/antigenomics/vdjdb-db/issues/193_D3045.YF.Standard,,TRBV19*01,,CASSFLAGGNEQFF
LLWNGPMAV,https://github.com/antigenomics/vdjdb-db/issues/193_D3045.YF.Standard,,TRBV30*01,,CAWSGDRAMVSGELFF
LLWNGPMAV,https://github.com/antigenomics/vdjdb-db/issues/193_D3045.YF.Standard,,TRBV6-4*01,,CASSEGANTEAFF
LLWNGPMAV,https://github.com/antigenomics/vdjdb-db/issues/193_D3045.YF.Optimised,,TRBV30*01,,CAWSGDRAMVSGELFF
LLWNGPMAV,https://github.com/antigenomics/vdjdb-db/issues/193_D3045.YF.Optimised,,TRBV19*01,,CASSFLAGGNEQFF
LLWNGPMAV,https://github.com/antigenomics/vdjdb-db/issues/193_D3045.YF.Optimised,,TRBV20-1*01,,CSASRRGGTNEKLFF
LLWNGPMAV,https://github.com/antigenomics/vdjdb-db/issues/193_D3045.YF.Optimised,,TRBV6-4*01,,CASSEGANTEAFF
LLWNGPMAV,https://github.com/antigenomics/vdjdb-db/issues/193_D3045.YF.Optimised,,TRBV14*01,,CASRKTGYTGELFF
LLWNGPMAV,https://github.com/antigenomics/vdjdb-db/issues/193_D3045.YF.Optimised,,TRBV19*01,,CASSMRRGTDTQYF
LLWNGPMAV,https://github.com/antigenomics/vdjdb-db/issues/193_D3045.YF.Optimised,,TRBV19*01,,CASSHWREESEQFF
LLWNGPMAV,https://github.com/antigenomics/vdjdb-db/issues/193_D3045.YF.Optimised,,TRBV20-1*01,,CSARDAPSRETQYF
LLWNGPMAV,https://github.com/antigenomics/vdjdb-db/issues/193_D3045.YF.Optimised,,TRBV29-1*01,,CSVVDAAPGANVLTF
LLWNGPMAV,https://github.com/antigenomics/vdjdb-db/issues/193_D3045.YF.Optimised,,TRBV30*01,,CAWSPGPVNEQFF
LLWNGPMAV,https://github.com/antigenomics/vdjdb-db/issues/193_D3045.YF.Optimised,,TRBV20-1*01,,CSARASYEQYF
LLWNGPMAV,https://github.com/antigenomics/vdjdb-db/issues/193_D3045.YF.Optimised,,TRBV6-4*01,,CASSDSGTDTQYF
none,control,,TRBV7-6*01,,CASSLGTPGGETQYF
none,control,,TRBV7-9*01,,CASSVGTVHTIYF
none,control,,TRBV28*01,,CASSFPSRGTDTQYF
none,control,,TRBV7-6*01,,CASSLPQATGSGANVLTF
none,control,,TRBV4-3*01,,CASSQDAGAVVAGYDEQFF
none,control,,TRBV28*01,,CASTLTSGREEQYF
none,control,,TRBV19*02;TRBV19*01,,CASSWKAGTGETQYF
none,control,,TRBV15*01,,CATSRDRQGVGNEQFF
none,control,,TRBV6-2*01,,CASSYANRMNTEAFF
none,control,,TRBV19*02;TRBV19*01,,CASSIGTSGETQYF
none,control,,TRBV25-1*01,,CASSVRAGAGNEQFF
none,control,,TRBV6-1*01,,CASSEQVWGRSTDTQYF
none,control,,TRBV28*01,,CASRDTGGTQPQHF
none,control,,TRBV6-5*01,,CASRGFGSGNTIYF
none,control,,TRBV19*02;TRBV19*01,,CASSEGGLYNEQFF
none,control,,TRBV20/OR9-2*01;TRBV20-1*01,,CSASPSEAGDGTQYF
none,control,,TRBV6-5*01;TRBV6-1*01,,CASSPRTGGAVGNQPQHF
none,control,,TRBV4-3*01,,CASSQAVYNEQFF
none,control,,TRBV6-5*01,,CASSYSNTPGSYTF
none,control,,TRBV11-2*01,,CASSRQGHRIGEQYF
none,control,,TRBV9*01,,CASSVSGLAGVPGNGELFF
none,control,,TRBV5-4*01,,CASSFDGGTTEAFF
none,control,,TRBV11-3*01,,CASSLEDRAGNEQFF
none,control,,TRBV4-3*01,,CASSQDMGWYEQYF
none,control,,TRBV12-4*01;TRBV12-3*01,,CASSRNWDEKLFF
none,control,,TRBV12-4*01;TRBV12-3*01,,CASSSSLRQRSTDTQYF
none,control,,TRBV15*01,,CATSRSAGSAKGAEQYF
none,control,,TRBV6-4*01,,CASSAGSREISEQFF
none,control,,TRBV5-6*01,,CASSDLAYNEQFF
none,control,,TRBV20-1*01,,CSARKGEDEQFF
none,control,,TRBV5-1*01,,CASSSSGDSEKLFF
none,control,,TRBV5-1*01,,CASSLPGRGETQYF
none,control,,TRBV18*01,,CASSSSSGRNTGELFF
none,control,,TRBV9*01,,CASSKGTGLSYEQYF
none,control,,TRBV6-1*01,,CASSGHGSSYEQYF
none,control,,TRBV6-2*01,,CASSLRRVAGVDEQFF
none,control,,TRBV7-3*01,,CASSLRLDPSRPDTQYF
none,control,,TRBV28*01,,CASSPGQSSGNTIYF
none,control,,TRBV4-2*01,,CASSQVSSIPTDTQYF
none,control,,TRBV18*01,,CASSPSLAADTQYF
none,control,,TRBV4-2*01,,CASSSWGNEQFF
none,control,,TRBV7-2*01;TRBV7-2*02,,CASSLGGGRNQPQHF
none,control,,TRBV6-5*01,,CASRANQGNSPLHF
none,control,,TRBV12-4*01;TRBV12-3*01,,CASSLRAGWNTEAFF
none,control,,TRBV19*02;TRBV19*01,,CASSIKGPGDIQYF
none,control,,TRBV4-2*01,,CASSQSGDNSPLHF
none,control,,TRBV11-2*01,,CASSTEGTRWTGELFF
none,control,,TRBV27*01,,CASSSGVPNQPQHF
none,control,,TRBV6-2*01,,CASREGTTEAFF
none,control,,TRBV9*01,,CASSPQGERTDTQYF
none,control,,TRBV5-1*01,,CASSLVAGMNTEAFF
none,control,,TRBV27*01,,CASSPSYPYEQYF
none,control,,TRBV15*01,,CATSRGWRETQYF
none,control,,TRBV27*01,,CASSLTGGSSPLHF
none,control,,TRBV7-6*01;TRBV7-9*01,,CASSLAGAHEQFF
none,control,,TRBV6-2*01,,CASAPGMNTEAFF
none,control,,TRBV30*01,,CAWTRGAGAKNIQYF
none,control,,TRBV5-6*01,,CASSPMTGSGSYEQYF
none,control,,TRBV20/OR9-2*01;TRBV20-1*01,,CSASQPGRFYGYTF
none,control,,TRBV5-1*01,,CASSRGASSSYNEQFF
none,control,,TRBV5-5*03;TRBV5-5*01,,CASTLALQETQYF
none,control,,TRBV20/OR9-2*01;TRBV20-1*01,,CSARDWQTGKNSPLHF
none,control,,TRBV12-4*01;TRBV12-3*01,,CASSFQPSGADTQYF
none,control,,TRBV15*01,,CATSRDLASGYNEQFF
none,control,,TRBV3-1*01;TRBV3-2*01;TRBV3-2*02,,CASSQTVSNYGYTF
none,control,,TRBV7-8*01,,CASSLAGGSTDEQFF
none,control,,TRBV28*01,,CASSTGTGGGMNTEAFF
none,control,,TRBV14*01,,CASSHGQGRTGANVLTF
none,control,,TRBV19*02;TRBV19*01,,CASSISDGTSGMVTGELFF
none,control,,TRBV14*01,,CASSQGVGLAGGETQYF
none,control,,TRBV18*01,,CASSASGGTNEKLFF
none,control,,TRBV28*01,,CASIESRDSSYEQYF
none,control,,TRBV6-2*01,,CASSYIPGTRGRYNEQFF
none,control,,TRBV18*01,,CASSPSGRQRGVIQYF
none,control,,TRBV4-3*01,,CASSQGLAQTYEQYF
none,control,,TRBV24-1*01,,CATPLGQGASTFTDTQYF
none,control,,TRBV20/OR9-2*01;TRBV20-1*01,,CSATGTSSLGEYEQYF
none,control,,TRBV19*02;TRBV19*01,,CASSVSTGPSNYGYTF
none,control,,TRBV6-1*01,,CASSTGQGGEQYF
none,control,,TRBV2*01,,CASSKVAGGPTDTQYF
none,control,,TRBV4-2*01,,CASSQDQTGGHIQETQYF
none,control,,TRBV20-1*03;TRBV20-1*01,,CSAADRGNYGYTF
none,control,,TRBV6-5*01,,CASREDGNTEAFF
none,control,,TRBV15*01,,CATSRDRVGPQHF
none,control,,TRBV7-2*01;TRBV7-2*02,,CASSLQGGNTEAFF
none,control,,TRBV7-3*01,,CASSPQISTDTQYF
none,control,,TRBV28*01,,CASSLGAGELFF
none,control,,TRBV7-9*01,,CASSSEGGYTF
none,control,,TRBV20/OR9-2*01;TRBV20-1*03;TRBV20-1*01,,CSSSRGGEIDTQYF
none,control,,TRBV18*01,,CASSPENGGASSDTQYF
none,control,,TRBV28*01,,CASSLGGGYTF
none,control,,TRBV18*01,,CASSPRDRSNEQFF
none,control,,TRBV18*01,,CASSPSSGRGTGELFF
none,control,,TRBV19*02;TRBV19*01,,CASSMLGSGGTEAFF
none,control,,TRBV6-1*01,,CASRTGQGLGETQYF
none,control,,TRBV29-1*01,,CSVDRMNTEAFF
none,control,,TRBV6-5*01,,CASSRKTGTVAYEQYF
none,control,,TRBV7-9*05;TRBV7-9*01,,CASKGHTTGELFF
none,control,,TRBV20/OR9-2*01;TRBV20-1*01,,CSARSGLAGSSDTQYF
none,control,,TRBV19*02;TRBV19*01,,CASSIKGSNQPQHF
none,control,,TRBV28*01,,CASRAQGHTEAFF
none,control,,TRBV11-1*01,,CASSLGLGTDTQYF
none,control,,TRBV5-1*01,,CASRRTLDEQFF
none,control,,TRBV11-2*01,,CASSLRGDTQYF
none,control,,TRBV5-1*01,,CASSFGGRERSPLHF
none,control,,TRBV19*02;TRBV19*01,,CASEGDTQYF
none,control,,TRBV20/OR9-2*01;TRBV20-1*01,,CSARVGGQGVYGYTF
none,control,,TRBV3-1*01;TRBV3-2*01;TRBV3-2*02,,CASSHYQKNYEQYF
none,control,,TRBV11-1*01,,CASSGLGAGDNSPLHF
none,control,,TRBV6-5*01,,CASSYEGENTIYF
none,control,,TRBV4-1*01,,CASSQVPDTQYF
none,control,,TRBV18*01,,CASSPIGRGGLQNTEAFF
none,control,,TRBV6-1*01,,CASSTGQGGEQYF
none,control,,TRBV18*01,,CASSTDGNTEAFF
none,control,,TRBV2*01,,CASRYDQGSNSPLHF
none,control,,TRBV20/OR9-2*01;TRBV20-1*01,,CSASLDLAGADEQFF
none,control,,TRBV5-5*01,,CASSLGAEGETQYF
none,control,,TRBV5-6*01,,CASSFGGPNYGYTF
none,control,,TRBV27*01,,CASSPTGTHVAYEQYF
none,control,,TRBV20-1*03;TRBV20-1*01,,CSAQEGQETQYF
none,control,,TRBV19*02;TRBV19*01,,CASTRWAGGDTEAFF
none,control,,TRBV7-6*01,,CASAASGGRRSPLHF
none,control,,TRBV2*01,,CASRLGQTSGNTIYF
none,control,,TRBV5-1*01,,CASSLGDINQETQYF
none,control,,TRBV20/OR9-2*01;TRBV20-1*01,,CSASPSEAGDGTQYF
none,control,,TRBV2*01,,CASSEGRSSYNEQFF
none,control,,TRBV27*01,,CASSLGAHNEQFF
none,control,,TRBV20/OR9-2*01;TRBV20-1*01,,CSATRPGGRYEQYF
none,control,,TRBV19*02;TRBV19*01,,CASRKTGGADTQYF
none,control,,TRBV12-4*01;TRBV12-3*01,,CATIQGGVDEQFF
none,control,,TRBV30*01,,CAWSVPLIDYGYTF
none,control,,TRBV7-8*01,,CASSLDRFNEQFF
none,control,,TRBV27*01,,CASSLSAGGGYYEQYF
none,control,,TRBV20/OR9-2*01;TRBV20-1*01,,CSAKGQSLLAKNIQYF
none,control,,TRBV29-1*01,,CSVEPNQGTEAFF
none,control,,TRBV5-4*01,,CASSSKNSPLHF
none,control,,TRBV20/OR9-2*01;TRBV20-1*01,,CSAISGRGYNEQFF
none,control,,TRBV10-3*01,,CAIRERGNQETQYF
none,control,,TRBV5-1*01,,CASSLEGATGELFF
none,control,,TRBV20/OR9-2*01;TRBV20-1*03;TRBV20-1*01,,CSARRVAERLSYNEQFF
none,control,,TRBV10-3*01,,CAIRLAGAGDEQFF
none,control,,TRBV7-2*01;TRBV7-2*02,,CASIKGLAGARDEQFF
none,control,,TRBV7-3*01,,CASSLTSGSNEQFF
none,control,,TRBV20/OR9-2*01;TRBV20-1*01,,CSARANALAGPYNEQFF
none,control,,TRBV7-3*01,,CASSLAGRHTDTQYF
none,control,,TRBV9*01,,CASRDYTDTQYF
none,control,,TRBV20-1*01,,CSAREGGSYEQYF
none,control,,TRBV13*01,,CASKRDGNTIYF
none,control,,TRBV15*01,,CATSMRSGGSYGYTF
none,control,,TRBV19*02;TRBV19*01,,CASRGDRASTEAFF
none,control,,TRBV20/OR9-2*01;TRBV20-1*01,,CSARGAPGLAGGYQETQYF
none,control,,TRBV4-3*01,,CASSQDMGWYEQYF
none,control,,TRBV2*01,,CASRPGTVTGELFF
none,control,,TRBV18*01,,CASSPIGRGGLQNTEAFF
none,control,,TRBV19*02;TRBV19*01,,CASSIMLTSYNEQFF
none,control,,TRBV7-6*01,,CASSSPSGASSYNEQFF
none,control,,TRBV20/OR9-2*01;TRBV20-1*03;TRBV20-1*01,,CSADLAGDANEQFF
none,control,,TRBV9*01,,CASSWRQDNTEAFF
none,control,,TRBV6-5*01,,CASSQPPNEQYF
none,control,,TRBV20/OR9-2*01;TRBV20-1*01,,CSARVSSGRANEQFF
none,control,,TRBV12-4*01;TRBV12-3*01,,CASSAQGSAEQYF
none,control,,TRBV12-5*01,,CASGQGQGNQPQHF
none,control,,TRBV4-2*01,,CASSQGDLNTEAFF
none,control,,TRBV10-3*01,,CAISELGLDRQYEQFF
none,control,,TRBV7-9*01,,CASSSGRDSGANVLTF
none,control,,TRBV6-6*01,,CASSYSGAGLSFDEQYF
none,control,,TRBV6-8*01,,CASNQGDRVGNEQFF
none,control,,TRBV27*01,,CASSPSLYADTQYF
none,control,,TRBV18*01,,CASSPPRDFSGEQYF
none,control,,TRBV6-1*01,,CASKREVHNEQFF
none,control,,TRBV20/OR9-2*01;TRBV20-1*01,,CSARERLAGKNEQFF
none,control,,TRBV20/OR9-2*01;TRBV20-1*01,,CSARDQAEGYRSPLHF
none,control,,TRBV28*01,,CASSFPGLAGHLNTGELFF
none,control,,TRBV19*02;TRBV19*01,,CASTYGLAGGKGANVLTF
none,control,,TRBV12-4*01;TRBV12-3*01,,CASSALLAGSLSYNEQFF
none,control,,TRBV7-9*01,,CASSLGGQGAIGELFF
none,control,,TRBV5-5*03;TRBV5-5*01,,CASRTQGGGEQYF
none,control,,TRBV5-1*01,,CASSSGTGIKADTQYF
none,control,,TRBV12-4*01;TRBV12-3*01,,CASSHLDNEQFF
none,control,,TRBV7-9*01,,CASSPLTRGAGLVQYGYTF
none,control,,TRBV7-2*01;TRBV7-2*02,,CASSLAGGQLGGELFF
none,control,,TRBV7-9*05;TRBV7-6*01;TRBV7-9*01,,CASGTGIGGELFF
none,control,,TRBV7-9*01,,CASSPPQATYEQYF
none,control,,TRBV6-5*01,,CASRSAGGSGEQYF
none,control,,TRBV5-8*01,,CASSLALAGAEETQYF
none,control,,TRBV12-4*01;TRBV12-3*01,,CASSPGAYSNTEAFF
none,control,,TRBV7-9*01,,CASSSSGSYNEQFF
none,control,,TRBV6-1*01,,CASSARGYEQYF
none,control,,TRBV3-1*01;TRBV3-2*01;TRBV3-2*02,,CASSPRSHRTSGNTIYF
none,control,,TRBV11-2*01,,CASSLDPGSTDTQYF
none,control,,TRBV2*01,,CASSERVTGAGYGYTF
none,control,,TRBV5-5*03;TRBV5-5*01,,CASSLGQYNEQFF
none,control,,TRBV5-1*01,,CASSREGDQPQHF
none,control,,TRBV19*02;TRBV19*01,,CASSSGTGNIQYF
none,control,,TRBV23-1*01,,CASTTTGQDPYSNQPQHF
none,control,,TRBV28*01,,CASTPGEETQYF
none,control,,TRBV9*01,,CASSVGGVPNYGYTF
none,control,,TRBV30*01,,CAWSYLRDVREQYF
none,control,,TRBV9*01,,CASSSTGVSYEQYF
none,control,,TRBV28*01,,CASSSPPAVGSGELFF
none,control,,TRBV6-2*01,,CASSTRVGFGLAGVGTQYF
none,control,,TRBV12-4*01;TRBV12-3*01,,CASSLRPGELFF
none,control,,TRBV11-2*01,,CASSFGQAMGYTF
none,control,,TRBV28*01,,CASIGDRGRGEQYF
none,control,,TRBV18*01,,CASSPRGQDEKLFF
none,control,,TRBV29-1*01,,CSVGTGFEQYF
none,control,,TRBV7-2*01;TRBV7-2*02,,CASESRKNTGELFF
none,control,,TRBV12-4*01;TRBV12-3*01,,CASSPLLAGGPYEQYF
none,control,,TRBV5-1*01,,CASSLEGNTEAFF
none,control,,TRBV27*01,,CASSPTATHSNQPQHF
none,control,,TRBV7-9*01,,CASSFERRAYEQYF
none,control,,TRBV28*01,,CASSPPGRGPGYNEQFF
none,control,,TRBV30*01,,CAWSVAGGDLVGSPLHF
none,control,,TRBV4-2*01,,CASSLEGGYEQYF
none,control,,TRBV20/OR9-2*01;TRBV20-1*01,,CSARPRTGFEYNQPQHF
none,control,,TRBV20-1*03;TRBV20-1*01,,CSVARGGADTQYF
none,control,,TRBV5-1*01,,CASSLVGGTEAFF
none,control,,TRBV6-2*01,,CASSYSIGLGANTEAFF
none,control,,TRBV6-2*01,,CASSTTGGGPEAFF
none,control,,TRBV19*02;TRBV19*01,,CASSMWKSPLHF
none,control,,TRBV7-2*01;TRBV7-2*02,,CASSLGGSTYEQYF
none,control,,TRBV12-4*01;TRBV12-3*01,,CASSLDRSYLSGGEQFF
none,control,,TRBV5-1*01,,CASSLRQAEKLFF
